Time     RSS(MB) Peak(MB) Paths  Meta  GETs  PUTs  WS_delta WS_meta
19:47:03      689    25220  6107   196    10     6    10024     195
19:47:24      680    25220  6110   196    15     8     4142      21
19:47:25      672    25220  6113   196    16     9      211       3
19:48:51      883    25220  6033   196    17     2     9851     117
19:49:23      895    25220  6033   196    24   176     3248       0
19:49:23      895    25220  6033   196    24   176        0       0
19:50:37      868    25220  6033   196    42   180     7658       2
19:50:44      852    25220  6033   196    43   181      766       2
19:59:44      786    25220  6033   196    59   184      882      63
19:59:55      794    25220  6039   196    67   186     1887      52
19:59:55      769    25220  6039   196    67   187       14       0
19:59:55      762    25220  6039   196    67   187        0       0
20:01:45      783    25220  6039   196    91   191     5573       2
20:01:47      758    25220  6039   196    91   192       53       0
20:01:48      754    25220  6039   196    91   193       53       0
20:01:58      766    25220  6039   196    95   195      546       0
20:02:27      741    25220  6039   196   102   197     1451       0
20:02:45      751    25220  6039   196   105   198      882       1
20:02:45      740    25220  6039   196   105   199       49       0
20:02:46      741    25220  6039   196   105   200       51       0
20:15:34      557    25220  6138   196   205   218    17002     277
20:16:34      564    25220  6145   196   219   416    16189     231
20:17:34      580    25220  6152   196   233   627    12975     237
20:18:35      586    25220  6152   196   247   836    12740     231
20:19:34      570    25220  6152   196   261  1049    13074     231
20:20:34      575    25220  5898   196   275  1216    12928     225
20:21:34      597    25220  5908   196   289  1410    13079     237
20:22:34      579    25220  5908   196   303  1550    12718     231
20:23:34      581    25220  5908   196   317  1705    12679     225
20:24:34      590    25220  5908   196   331  1853    12750     231
20:25:34      599    25220  5897   196   345  2002    12920     231
20:26:34      612    25220  5897   196   359  2156    12817     231
20:27:34      609    25220  5897   196   373  2307    12601     231
20:28:34      601    25220  5897   196   387  2469    12568     225
20:29:34      608    25220  5897   196   401  2625    12792     231
20:30:34      594    25220  5893   196   415  2773    13071     225
20:31:34      614    25220  5894   196   429  2926    12775     225
20:32:34      601    25220  5894   196   443  3084    13021     225
20:33:35      592    25220  5894   196   457  3232    12840     231
20:34:34      597    25220  5894   196   471  3377    12815     231
20:35:35      621    25220  5888   196   485  3523    12666     210
20:36:34      647    25220  5898   196   499  3653    12857     237
20:37:16      603    25220  5898   196   510  3753     8677     195
20:37:49      622    25220  5898   196   518  3755     6894     177
21:01:40      499    25220  5876   196   853  3806   299451    5313
21:02:40      502    25220  5879   196   867  3809    12941     231
21:03:41      504    25220  5882   196   881  4019    12487     219
21:04:41      543    25220  5871   196   895  4189    12390     225
21:05:41      515    25220  5871   196   909  4354    13256     231
21:06:41      575    25220  6135   196   924  4478    17208     232
21:07:41      568    25220  6138   196   938  4598    15906     232
21:08:40      528    25220  6138   196   952  4751    16339     232
21:09:41      579    25220  4272   196   966  4880    15602     232
21:10:41      539    25220  4272   196   980  5027    15683     232
21:11:41      583    25220  4272   196   994  5162    16154     220
21:12:41      554    25220  4272   196  1008  5283    15692     232
21:13:40      625    25220  4272   196  1022  5409    16274     232
21:14:41      642    25220  4268   196  1036  5532    16147     232
21:15:41      614    25220  4268   196  1050  5665    15380     226
21:16:40      636    25220  5879   196  1064  5792    19549     232
21:17:40      671    25220  5882   196  1078  5914    16226     226
21:18:41      682    25220  5882   196  1092  6047    15560     232
21:19:40      678    25220  5874   196  1106  6181    15846     226
21:20:40      693    25220  5874   196  1120  6306    16113     232
21:21:41      652    25220  5874   196  1134  6434    15419     226
21:22:41      678    25220  5881   196  1148  6559    16020     238
21:23:41      740    25220  5881   196  1162  6677    15997     232
21:24:41      739    25220  5878   196  1176  6797    14904     226
21:25:41      761    25220  5878   196  1190  6920    16332     227
21:26:41      716    25220  5878   196  1204  7040    16083     231
21:27:41      747    25220  5878   196  1218  7157    15360     232
21:28:41      768    25220  5881   196  1232  7276    16226     232
21:29:41      813    25220  5887   196  1246  7400    16342     222
21:30:41      829    25220  5887   196  1260  7523    15702     226
21:31:41      779    25220  5887   196  1274  7649    16293     232
21:32:41      858    25220  5887   196  1288  7726    12591     180
21:33:41      897    25220  5887   196  1302  7798    11804     193
21:34:41      912    25220  5883   196  1316  7870     7650       8
21:35:40      931    25220  5883   196  1330  7940     7494       2
21:36:40      797    25220  5883   196  1344  8027     7993       4
21:37:41      673    25220  5883   196  1358  8184     7164       2
21:38:41      631    25220  5883   196  1372  8308     6984       2
21:39:41      643    25220  4276   196  1386  8448     6917       2
21:40:40      669    25220  4276   196  1400  8582     7242       2
21:41:40      615    25220  4276   196  1414  8726     6853       2
21:42:06      620    25220  4276   196  1417  8784       20       0
21:43:06      637    25220  4276   196  1431  8945     6946       2
21:44:06      669    25220  4276   196  1445  9099     7082       2
21:44:23      668    25220  4276   196  1452  9144     2024       0
21:44:24      554    25220  4276   196  1452  9145      140       0
22:04:19      683      784  4078   196    17     2     9910     117
22:04:58      722      818  4079   196    26     5    15249       5
22:05:59      958     1103  4080   196    17     2     9812     117
22:06:59      952     1103  4080   196    34     5     6326       2
22:07:59      967     1103  4080   196    48     7     6588       2
22:08:59      972     1103  4080   196    62     9     6414       2
22:09:59      983     1103  4080   196    76    11     6532       2
22:10:59      980     1103  2245   196    90    14     6566       2
22:11:12      975     1103  2245   196    94    15     1342       0
22:11:29      975     1103  2245   196    97    16     1838       0
